4, 43, 17, 85, 47, 5, 62, 60, 75, 35, 15, 33, 10, 18, 87, 34, 89, 1, 15, 13, 30, _
107, 37, 55, 23, 38, 34, 71, 11, 46, 101, 41, 39, 20, 26, 126, 116, 24, 30, 16, 48, _
115, 6, 17, 90, 6, 91, 31, 106, 27, 37, 5, 61, 29, 66, 94, 12, 16, 63, 46, 7, _
34, 81, 62, 55, 60, 86, 34, 33, 78, 82, 20, 94, 4, 49, 121, 38, 43, 38, 70, 29, _
34, 27, 45, 88, 65, 127, 75, 56, 1, 36, 120, 18, 89, 83, 11, 56, 99, 10, 47, 39, _
111, 94, 88, 0, 16, 73, 14, 27, 39, 32, 65, 90, 52, 11, 13, 110, 69, 88, 21, 3, _
3, 74, 50, 13, 84, 81, 0, 37, 17, 54, 120, 31, 89, 39, 41, 84, 72, 82, 8, 50, _
65, 49, 11, 93, 98, 9, 41, 93, 32, 60, 73, 116, 89, 23, 122, 60, 86, 16, 115, 34, _
6, 27, 42, 22, 122, 19, 55, 14, 85, 66, 51, 24, 87, 22, 63, 3, 61, 73, 111, 119, _
4, 6, 113, 49, 51, 110, 34, 8, 105, 44, 48, 59, 10, 65, 14, 98, 42, 39, 58, 60, _
32, 78, 3, 59, 26, 30, 70, 14, 28, 99, 86, 51, 63, 15, 119, 26, 61, 52, 88, 110, _
55, 80, 2, 80, 58, 121, 68, 93, 36, 112, 19, 25, 72, 24, 83, 13, 95, 44, 127
